10010011010
10010011010
00000010011
11111111110
00111101011
10101100001
00101100001
00111101011
11111111110
00000010011
10010011010

10011111011010100
11110010100001111
00110000000110101
10011111101011111
10011111101011111
00110000000110101
11110010100001111
10011111011010100
10010001110010010
10010111010010001
11101100101111010
01101110110001011
11011101001110011
10011101001110011
01101110110001011
11101100101111010
10010111010010001

1101101
0010001
1110110
1110110
0010001
1101101
0010010
1101011
0111101

1001000100100
1111011000011
0110111101111
0000001111110
0110010000001
0110110011001
1001110100101
0000010000001
1111100100100
0110010100101
1001100100100
1001001100110
1111100100100

0110000011000
0110000011010
0101110001110
1001101011111
1111101100000
1111101100000
1001101011111
0101110001110
0110000011010

101001111
011001001
011001001
101001111
111000000
101010111
001101101
010101100
010101100
001101101
101010101

11110011001
00110010110
11111000110
10011010100
11110011111
01111001111
10101101001
11110001111
11010100000
00000010000
11000111001
00101001001
00101001001
11000111001
00000010000

0000010
1001001
0010101
1111000
1001000
0110010
1001110
0110000
0110000

00011111100110011
01000100001111000
11100100110000110
10000010111001110
10000010111001110
11100100110000110
01010100001111000
00011111100110011
01100100000110000
11110101111111111
00011110101001010
01101010010000100
01110100000110000
00100010110000110
01100010011001100

010010100
000000011
111111010
101101110
100001011
100001110
111111010
011110000
011110100
111111010
100001110

01111000011110101
01001011010010111
10110100101101001
00110000001100111
11011111111011100
01111000011110101
10000100100001011
00000000000000001
10000111100001101
10000111100001001
00000000000000101
00110011001100000
00000011000000010

0100100
0100100
1100000
0010101
1101100
0111011
0001101
1010111
1010111
1001101
0111011
1101100
0010101
1100000
0100100

00100001001
11011001001
11100011001
00000100110
11000100110
11011110000
11111000000
11011101001
11000000000
00111011011
11101010000
11100011111
00110100000

001111111
011111000
111001100
100110100
011000000
100110101
111011100
010101000
010101000
111011100
100110101
011000000
100110100
111001100
011111000
001111111
011111111

111111011001011
111110111010010
001011111101101
010101100011000
111001101100001
111001100011000
001000010010000
110011010100110
110011010100110
001000010010000
111001100011000

11101011001011011
11101011001011011
01100110111101110
11000110110000011
00101100000010100
01111100101110011
01001100101001011
01101010000100110
01110101011100111
10101011101010110
10101011101010100

100101111111101
010111110000000
100010001010000
011110000110010
011100000110010
100010001010000
010111110000000
100101111111101
100101111111101

10100001111
00011111001
00111111111
01010101001
00000010110
01101100110
11101100110

110011000111010
110011000111010
000011111011010
110111110001011
100100101011111
001000101011111
110100100000111
100100011111111
010011001111101
110010000101000
110010000101001

01111111101100100
01110011101111000
01111111100110100
01110011101010011
11110011110000000
00101101000111100
11100001110000100
11010010111100011
01000000100010011
01110011101011100
11010110110111100
00010010000100100
01000000101011011

101000110
101000110
110011101
011101010
110000111
100000100
011111100
111011010
110000111
011011110
000000011
000000011
011011110
110000111
111001010
011111100
100000100

00110101011001010
11010101000001010
10011110101110010
01010100011011111
01010100111011111
10011110101110010
11010101000001010
00110101011001010
11010110111111110
00001010010000100
00001010010000100

1001100101101
0100001011110
1110011110011
0100001100001
0000000001100
0011110001100
0010010010010
0001100001100
1000000100001
0001100000000
0001100001100

010000010010011
100110011110011
110110100011011
011011101001101
011011101001101
110110100011011
100110011110011
010000010010011
101011010101011
001000000101110
110010011011110
010010001110010
010000001110010

001100011110100
111111111001111
011110101110111
011110011010100
111111011100111
011111011100111
101101010011000
010010101010011
000000010001100
010010100010000
110011011011111

0011011
0000100
0000100
0011011
0010011
1100010
0011101
1110110
0111101

010010011100100
001101101000001
000000101110101
000000001010100
111111100001000
111111001000110
101101000101101
011110100110010
011110000001111
101101100001110
000000111011110
000000111011110
101101100001110

00100101001110011
11111010011111100
00100001011111110
10101111000111111
00111001011110010
11011111100110100
11001111000100100
00101011001101001
11110001111000001
11110110001100100
11111010011100001
00110101111001001
00110101111001001

11101101001011011
11000010110100001
00110010110100110
11001000100001001
00011101111011100
00001010000101000
11101110110111011

0011000000001
0111100110011
1100111001110
0100100100010
1000011001100
1000010000100
1111110110111

0010001110011
0110011000010
0101011111000
0101011111000
0110011000010
0010001110111
0010000101111
1000100110100
1000100110100
0010000101111
0010001110111
0110011000010
0101011111000

1011111
0001001
1111001
0101001
1001111
1011111
1000000
1011001
1011001
1000000
1001111

11111011110111110
00001000000100010
01001110011100101
01101001100101100
11001010010100110
11111111111111110
00111010010111000
11100101101001110
11100101101001110

1000000101101
0010010011110
0000011001100
0000111101001
0111101001100
1010111000000
0110000111111
1111101100001
0001111001100
0001111001100
1111101100001
0110000111111
1010111000000

001001011
011010010
011001111
111000101
011011011
010100100
110011011
110011010
101110000
101101010
011100110
010101101
000101101
000101101
010101101

000000000101101
000000000001100
010110100001110
010000101010011
101111010011110
000110000011000
000110000100100
101001010111010
000110000110001
010110100110111
010110100111100
011001100000011
011001100000011
010110100111100
010110100110111
000110000010001
101001010111010

0010010110110
0000111101111
0010010100000
1111000000110
1111010100010
1100100000000
0011010101001

100110000
010110000
110000110
101010110
011110110
111001001
101010110
010101111
001010110
011001111
111110110
010101111
010001111
010101111
010101111
111110110
011001111

10111011011
10111011011
00101000010
11110011001
00000011001
11000000000
11110100101
01110011001
10000000000

10010001000110101
10010101000010101
01011111000100101
01011000101011011
01011000101011011
01011111000100101
10010101000010101
10110001000110101
00100111010000110
10010100101100001
00111011001111101
00111000011101111
00111000011101111

011011100101000
111101011001110
000110001011101
111100111011100
000010010101001
100101011000000
100101011000000

00011111111110000
10100111111001011
10001001100100011
11000111111000111
11000101101000111
11111010010111111
00101100001101000
00111011110111000
01010111111010100
00111110011111000
11111101101111111
10001100001100011
01001111111100100
10001111111100011
10000000000001011
10111010010111011
01101101101101100

010000100000101
111001110100010
111001110100010
010000100000101
010110101110011
001001000011111
101001010001010
111111111101110
010000101011111
010110101000110
111001110010010
010000101101101
110000110000010
000110000011110
110000100001111

0100101100010
1100110001010
1100110001010
0100101100010
0111100110001
1110111000110
1100111100010
1111111000011
1111110101110
0000000110011
1111110111011
0011000111000
1000010100111
1111110100010
1011011111000

1001001000101
0110111101010
0111011011111
0001011110111
0000011111010
0000011111010
0011011110111
1111100110111
1111100110111
0011011110111
0000011111010
0000011111010
0001011110111

0010111
1111011
0001111
0110000
1001100
1111000
0111000

00110001111
10001101000
10101011000
10101011000
10001101000
00110001110
11001001000
11001110000
00100000111
00001110011
10100111010
01010011011
01010011011

110110111
000111110
111010001
110111011
001100110
000101110
000001111
001011000
011010000
000011100
000010001
110001001
110001001

111110001
111110111
111100110
100101101
011011010
011011010
100101101
111100110
111110111
111110001
111101011
000001000
111110010
100100100
011001111
110101000
100100100

1101000
1100010
1100110
1110101
0000101
0010111
0010111
0000101
1110101
1100110
1100010
1101001
0001000

11111001110101110
11111001110101110
01001011001010000
01010000111100000
00011001110111101
01111100100011001
01111100100011001
00011011110111101
01010000111100000
01001011001010000
11111001110101110

001111011101101
010001100010110
100011100001000
100010010100011
100110010100011
100011100001000
010001100010110
001111011101101
111011100011111
101101001111101
101101001111101

001111010011101
001111010011101
100110111000111
010001000110001
001001111100110
001001111000110
010001000110001
100110111000111
001111010011101

10111111011001101
10001100011001100
11011110111111110
10110011011001101
10011110011111100
11110011110000111
11100001111001111
01100001100110011
01101101100110011
11101101111001111
01000000101001010
00010010001001000
10110011010110001
01111111100000011
10000000010000100
10010010010000100
11000000110110110

00000000000101010
01001010011010000
01001010011010000
00000000000101010
01001000010110001
00110101001101000
01111000111110001
10000111011111010
11111101110011010
01111011010010000
01001001100000101
00110010011110110
11111101000111000
10000110100100010
00110000010111000

1100101
1000101
1001110
1000110
0111010
1101011
0001101
0101100
0101100
0001101
1101011
0111010
1000110
1001110
1000101

1010010
1101101
0100001
1011110
1011110
0100001
1101101
1010010
0110010
1001100
1100001
0100001
1000000

01111010011
01001001100
11111101111
10110111100
10000001100
01111001000
10000111111
00110010000
11001111111
10000101000
01111011111
11111101100
11111101111
00110001111
01111000000
11111101011
00110000111

1101011
1100101
0000101
1101011
1101011
0000101
1110101
1101011
1101111
0000100
1101000
0011111
1101011

110101110
110001110
110010111
101000101
010000111
010111100
000101111
010001111
010011010
100100011
011000101
101100100
010001000
000011100
000011100
010001000
101100100

010000100
110000100
100010100
100100001
011110000
010111011
011011101
011011101
010111011

11100100001
00011111111
11101000000
11001100001
11110111111
11001010010
00111010010
00101011110
00001010010
00000001100
11111011110
11011111110
11101110011

10010001111111100
11111110001100011
01100010000000010
00001110011110011
01100000000000000
10011001111111100
00001100100001001
01101001100001100
10010111001100111
00001100001100001
00001000110011001

01010000101011010
00111001110011001
11001001001100110
00001111000000000
01010110101000010
10111111110100101
01100000011000011
00111111110000001
10010110100111100
10010110100100100
00101001010011001
00001111000000100
11011111101111110
10101111010111101
10011111100100100

11111101110011110
11111100000110100
11110011011000011
11110001111010110
11111010110111010
00001100110110010
00000011111101110
11110010101110001
01101010111101101

100110011100111
001001000100100
000000000111100
100000011011011
001111001000010
000110000011000
101111011011011
000000000011000
000110001100110
010000100011000
010000101000010
010000100000010
110000110011001

00001001000
00110000110
00111111110
11010110101
00011001100
11000110001
00111111110
00100110010
11100000001
11010110101
11011111101

11001101000000000
11000010011100111
00111001100011000
00001001000000000
01011110010000001
11000100001100110
11010010010100101
00001001010111101
11110101101100110

100001111000011
101101001100110
100001011000011
011110010011001
111111101100110
011110011111101
111111011011011
110011011000011
010010100111100
011110100100100
111111110011001
010010010011001
100001000011000
101101010100101
111111001000010
000000000100100
100001011100111

11001111110011011
10001001010001001
11101111110111110
00110000001100111
10100000000101010
00111011011100100
00111011011100100

10100101010
11100111001
00111100011
10011001111
01000010101
10111101110
01100110001
11000011110
11111111001
11000011011
11000001010
10011001100
00111100001
11100111000
10011001111
11000011100
11000011100

1111001001001
0111110000111
1011001001001
1000110000110
0111111111111
1001001111001
1111111001111
0111111001111
0111111001111
1100000110000
0110110000110
1010110110110
1010000110000
0010000000000
0110110110110

01111010110
11001111100
00010001111
00110010000
00000011111
10000111101
01001001001
00110000111
01001000111
00110001100
01111000101
01111000101
00110001100
01001000111
00110000111
01001001001
10000111101

00100100011111111
10111101110000001
00000000010100101
01111110011100111
11011011000000000
11011011010100101
10111101111100111
01111110111000011
10100101010100101
00000000111000011
00000000010100100
11111111000111100
10100101101000010

110001110100101
001110110110111
000100101111001
001111011010000
001011000100100
111000101000001
111000101000001
001011000100100
001111011010000
000000101111001
001110110110111

0011110001111
1010010110110
0100001011111
0001000011001
0011110001001
0010010010110
1111111111001
0101101010110
1100001110110
0111111010110
1000000100000

1101100000010
1100101100110
1100101100110
1101100000010
1111011100001
0001000101000
0001100010100
1011001010001
0000000001111
0001011111011
1111111100001
1110011110101
0010101110000

10101101110
10111111011
00111111001
10000000011
11111111110
10010010010
10010010010

11001110101
00000011111
01001011000
10001110000
11111101111
11001100111
01111010111
10110101010
10000100111
01001000001
01001000001
10000100111
10110101010
01111010111
11001100111

10010111000
11100000111
00000111011
00000011000
01101011100
01101011100
00000011000
00000111011
11100000111
10010111000
00001001111
10011001000
00000011110

101000011
101000011
111010100
111001111
000110010
101110001
111100011
111100111
101110001
000110010
111001111

00001010011001010
00110111100111100
10011101000010111
11101110011001110
10100000111100000
00000111100111100
01000000000000000
11000111000011100
00101010000001010
00101010000001010
11000111000011100
01000000000000000
00000111100111100
10100000111100000
11101110011001110

1011010010001
1011010010101
0100100010011
1011010000101
1011011110100
0000001111111
1100110110000

1111000
1100100
0010100
0010100
1111101
0001000
0110010
1101011
1111000
1100100
1101011
1110001
1101100
0010000
0001101
0010101
0010101

0101110
0001010
0000111
1100001
1100001
0000111
0001010
0100110
1110110
1110111
1110111

011000100
011000101
011101101
001111010
100101010
001000100
110001001
101101011
000110111
100101011
100101011
000110111
101101011
110001001
001000100

010110011010010
010111111010010
000000001000000
001110011100001
000101101000000
001110011100001
101100001101101
110000000011110
110101101011110

0111111
0010000
0010110
1110000
1001000
1111001
1010000
1010110
1100000
1101111
1110000
1110000
0100110
1001111
1001111
0100110
1110000

1100100100001
1100100110111
1100100110111
1100100100001
1110100000010
0000100101110
1110011101000
1111010111110
0011011111101
1101001101011
1100111110010
1101011100100
0001111100011
0100100110100
0010000001011
0010111110000
1100010101111

11110011010110101
11011011111111111
00011000011001100
11110111001111001
00010111101001011
00000001010110101
00000101010010101

00100011000
01110100101
01011011011
01001111110
01101011010
01101111110
10001000010
00111111111
01001100110
01010111101
10011111111
11010000001
01001111110
11000100100
11111000011
10111000011
11000100100

01101101100100000
10110111111111011
11001100111101011
10111100010111100
00000010101100100
10000110010010011
00001010000101111
00001010000101111
10000110010010011
00000010101100100
10111100010111000
11001100111101011
10110111111111011
01101101100100000
00001011001101000

1010110101000
0010110100001
1111001111010
0010110100010
1011001101000
1001111001011
0101001010101
1011111101001
0100000010000
0010110100010
0101001010100
0100110010101
0111001110111
0000000000110
0111111110100
0100110010101
0100110010111

00000100101000011
00000100101010011
11100001000000001
11100001010101111
00010100101101110
00101111000100001
11111100011010100
00110111101111001
00111111101101100
11000101111100101
00100101101010100
00010010000010111
11001010110011110
11000010001000100
00010111000111001
11011010110111010
00101000010101101

00100100010010010
01000001001100001
00111010100001100
10010010011101101
11100011011101101
10011001110100001
01110111111010010
11101001000011110
00010010010010010
11010011101000000
01101001110111111
00001011001101101
00111000111100001
00100010001101101
00100010101101101

000010100
000000100
011010000
000010111
111100110
010101101
011011000
010101011
010101011

100001010
001100100
001100101
100001010
110011100
110011100
100001111

11111110100
10010100110
10010101001
01100000110
01100011000
10010011000
00000110101
00000110010
00000110010
00000110111
10010011000
01100011000
01100000110

1110011001110
0010111101000
0010111101001
1110011001110
1100000000111
1011011011011
1011111111011

1110011
0001100
0010010
1101101
1110011
0011110
1111101
